
Data = [
 1.00000000e-08  1.00007622e+00  2.80321038e-11 -1.05523774e+02  4.90344918e-11  1.00010349e+00 -1.03095433e+02;
 1.00000000e-08  1.00007704e+00  1.82529304e-10 -9.73870086e+01  1.82912204e-10  1.00010343e+00 -9.73780223e+01;
 1.00000000e-08  1.00007480e+00  2.07640308e-11 -1.06827208e+02  2.35891464e-11  1.00010310e+00 -1.06273325e+02;
 1.00000000e-08  1.00007809e+00  8.38611816e-11 -1.00764729e+02  1.53089623e-10  1.00009559e+00 -9.81509576e+01;
 1.00000000e-08  1.00007750e+00  5.95628869e-11 -1.02250579e+02  5.35062213e-11  1.00009852e+00 -1.02716385e+02;
 1.00000000e-08  1.00008289e+00  8.44063682e-12 -1.10736608e+02  1.75408097e-12  1.00010107e+00 -1.17559943e+02;
 1.00000000e-08  1.00007990e+00  1.90849509e-12 -1.17193437e+02  4.49204440e-12  1.00010570e+00 -1.13476019e+02;
 1.00000000e-08  1.00007874e+00  5.86325586e-11 -1.02318954e+02  4.68674167e-11  1.00010168e+00 -1.03291731e+02;
 1.00000000e-08  1.00007147e+00  1.46040896e-11 -1.08355566e+02  2.25832788e-11  1.00010154e+00 -1.06462571e+02;
 1.00000000e-08  1.00008204e+00  1.64457885e-10 -9.78398093e+01  1.90944196e-10  1.00009146e+00 -9.71913326e+01;
 3.11111111e-08  1.00011063e+00  9.35055078e-10 -9.02921085e+01  9.70484745e-11  1.00005850e+00 -1.00130367e+02;
 3.11111111e-08  1.00010836e+00  4.50983797e-10 -9.34588612e+01  3.09349159e-10  1.00005173e+00 -9.50957353e+01;
 3.11111111e-08  1.00011237e+00  5.31869729e-10 -9.27424352e+01  3.36068579e-11  1.00004858e+00 -1.04735932e+02;
 3.11111111e-08  1.00009933e+00  2.92404421e-10 -9.53405920e+01  2.31923689e-10  1.00006917e+00 -9.63468493e+01;
 3.11111111e-08  1.00009700e+00  3.14925218e-10 -9.50183468e+01  5.48543772e-11  1.00008174e+00 -1.02608242e+02;
 3.11111111e-08  1.00010864e+00  2.25486802e-09 -8.64692605e+01  3.91721827e-10  1.00003146e+00 -9.40703589e+01;
 3.11111111e-08  1.00009757e+00  2.42308101e-10 -9.61567444e+01  2.91929357e-10  1.00006013e+00 -9.53474834e+01;
 3.11111111e-08  1.00009427e+00  9.38565134e-10 -9.02757652e+01  7.66303608e-10  1.00006015e+00 -9.11562525e+01;
 3.11111111e-08  1.00010808e+00  1.22755102e-09 -8.91100738e+01  2.87580479e-11  1.00007733e+00 -1.05412742e+02;
 3.11111111e-08  1.00008378e+00  3.79735342e-10 -9.42055536e+01  5.82825251e-10  1.00006245e+00 -9.23448876e+01;
 5.22222222e-08  1.00008059e+00  2.79562419e-09 -8.55355621e+01  1.04109371e-09  1.00000482e+00 -8.98251227e+01;
 5.22222222e-08  1.00011543e+00  7.57151312e-09 -8.12086745e+01  8.32654777e-10  9.99994435e-01 -9.07953261e+01;
 5.22222222e-08  1.00010657e+00  2.99437192e-09 -8.52374054e+01  7.56676878e-10  9.99968920e-01 -9.12107604e+01;
 5.22222222e-08  1.00012888e+00  4.63781144e-10 -9.33374288e+01  1.23915731e-10  9.99995481e-01 -9.90687159e+01;
 5.22222222e-08  1.00010406e+00  5.86451973e-09 -8.23181274e+01  2.44336556e-11  1.00000536e+00 -1.06120139e+02;
 5.22222222e-08  1.00011454e+00  9.55433276e-10 -9.01984938e+01  7.33716998e-10  9.99968198e-01 -9.13445761e+01;
 5.22222222e-08  1.00011735e+00  6.63804743e-10 -9.17801061e+01  2.12077236e-10  9.99994397e-01 -9.67350351e+01;
 5.22222222e-08  1.00011593e+00  1.69746474e-09 -8.77024958e+01  1.15562681e-09  1.00000527e+00 -8.93718468e+01;
 5.22222222e-08  1.00012002e+00  4.24933753e-09 -8.37173089e+01  5.30932983e-10  1.00004694e+00 -9.27498068e+01;
 5.22222222e-08  1.00011229e+00  4.60338818e-09 -8.33697116e+01  2.56397788e-10  1.00002361e+00 -9.59109598e+01;
 7.33333333e-08  1.00012094e+00  2.05631235e-10 -9.68696343e+01  5.04634885e-11  9.99958745e-01 -1.02970048e+02;
 7.33333333e-08  1.00012754e+00  2.55874796e-10 -9.59202788e+01  1.19902091e-09  9.99873824e-01 -8.92111844e+01;
 7.33333333e-08  1.00012027e+00  3.00893635e-09 -8.52163923e+01  1.64338669e-09  1.00001447e+00 -8.78426652e+01;
 7.33333333e-08  1.00011982e+00  6.54685272e-10 -9.18401947e+01  3.93472543e-10  9.99964627e-01 -9.40507020e+01;
 7.33333333e-08  1.00012126e+00  1.03063564e-09 -8.98694750e+01  4.30096603e-11  9.99900477e-01 -1.03663908e+02;
 7.33333333e-08  1.00012835e+00  1.57812920e-10 -9.80191318e+01  2.01821104e-10  1.00001694e+00 -9.69504078e+01;
 7.33333333e-08  1.00010637e+00  4.19019083e-09 -8.37781239e+01  2.21296828e-09  1.00003804e+00 -8.65504133e+01;
 7.33333333e-08  1.00010832e+00  4.19800850e-09 -8.37700373e+01  7.15734970e-10  9.99902354e-01 -9.14520535e+01;
 7.33333333e-08  1.00013396e+00  9.47279064e-09 -8.02358024e+01  1.15209779e-09  9.99971909e-01 -8.93849846e+01;
 7.33333333e-08  1.00009755e+00  5.15057309e-09 -8.28818681e+01  1.34106639e-09  9.99936863e-01 -8.87252230e+01;
 9.44444444e-08  1.00012824e+00  2.75900406e-09 -8.55930335e+01  1.52371666e-09  9.99935651e-01 -8.81706784e+01;
 9.44444444e-08  1.00011765e+00  4.03033879e-10 -9.39470954e+01  2.25283916e-10  9.99932359e-01 -9.64724044e+01;
 9.44444444e-08  1.00011442e+00  6.10171502e-10 -9.21459777e+01  3.30079784e-10  1.00000974e+00 -9.48138530e+01;
 9.44444444e-08  1.00011856e+00  6.84018380e-09 -8.16498371e+01  6.79042308e-10  9.99762474e-01 -9.16800000e+01;
 9.44444444e-08  1.00010272e+00  3.81719577e-09 -8.41830017e+01  2.14447494e-09  9.99807431e-01 -8.66859538e+01;
 9.44444444e-08  1.00010999e+00  8.01031862e-10 -9.09639797e+01  4.33418910e-11  1.00000144e+00 -1.03630928e+02;
 9.44444444e-08  1.00014899e+00  1.85952902e-10 -9.73066174e+01  6.20131034e-10  9.99949841e-01 -9.20749475e+01;
 9.44444444e-08  1.00013027e+00  6.29645499e-09 -8.20096047e+01  2.20279307e-09  9.99913093e-01 -8.65698855e+01;
 9.44444444e-08  1.00011673e+00  9.74983759e-10 -9.01105331e+01  3.84712471e-10  1.00004171e+00 -9.41488185e+01;
 9.44444444e-08  1.00012662e+00  1.08740864e-09 -8.96366221e+01  3.42411067e-10  9.99879454e-01 -9.46539985e+01;
 1.15555556e-07  1.00012337e+00  5.57324769e-09 -8.25394523e+01  4.92573053e-09  1.00003200e+00 -8.30754325e+01;
 1.15555556e-07  1.00011003e+00  1.00400639e-10 -9.99831131e+01  1.70715483e-10  9.99988560e-01 -9.76772212e+01;
 1.15555556e-07  1.00015447e+00  4.60387737e-09 -8.33694333e+01  3.34607376e-10  9.99915278e-01 -9.47542769e+01;
 1.15555556e-07  1.00009624e+00  1.11281956e-09 -8.95361704e+01  1.37860197e-09  1.00003021e+00 -8.86057423e+01;
 1.15555556e-07  1.00008598e+00  2.42702136e-09 -8.61496374e+01  1.52331336e-09  1.00000206e+00 -8.81721165e+01;
 1.15555556e-07  1.00011800e+00  2.17602872e-09 -8.66238662e+01  8.70110016e-10  9.99987487e-01 -9.06042040e+01;
 1.15555556e-07  1.00010655e+00  1.08749643e-10 -9.96361843e+01  2.77851478e-09  1.00002460e+00 -8.55619798e+01;
 1.15555556e-07  1.00007889e+00  1.81538849e-09 -8.74106468e+01  2.90678429e-09  1.00004725e+00 -8.53660772e+01;
 1.15555556e-07  1.00009232e+00  6.80685538e-09 -8.16709357e+01  3.55009543e-09  9.99811043e-01 -8.44967790e+01;
 1.15555556e-07  1.00012778e+00  2.26373964e-09 -8.64522902e+01  1.11604023e-09  9.99936723e-01 -8.95229267e+01;
 1.36666667e-07  1.00014864e+00  6.33338460e-10 -9.19842869e+01  1.01000213e-09  9.99974999e-01 -8.99566685e+01;
 1.36666667e-07  1.00007445e+00  2.91034209e-10 -9.53608829e+01  9.50896923e-10  1.00014873e+00 -9.02193115e+01;
 1.36666667e-07  1.00009500e+00  1.46271085e-09 -8.83488277e+01  1.05970217e-09  9.99925000e-01 -8.97478361e+01;
 1.36666667e-07  1.00011658e+00  1.64059581e-09 -8.78504903e+01  6.29665891e-10  1.00002446e+00 -9.20090045e+01;
 1.36666667e-07  1.00009451e+00  2.37254313e-09 -8.62482693e+01  1.56438616e-09  9.99825401e-01 -8.80558020e+01;
 1.36666667e-07  1.00009472e+00  1.35835853e-09 -8.86702672e+01  2.35337473e-09  1.00007016e+00 -8.62833939e+01;
 1.36666667e-07  1.00011178e+00  8.16594538e-09 -8.08804207e+01  8.05188643e-09  9.99915407e-01 -8.09406562e+01;
 1.36666667e-07  1.00010534e+00  5.56548847e-10 -9.25454246e+01  1.21719768e-09  1.00004201e+00 -8.91465713e+01;
 1.36666667e-07  1.00005335e+00  1.06244639e-09 -8.97371614e+01  3.87674241e-09  9.99930324e-01 -8.41150279e+01;
 1.36666667e-07  1.00011319e+00  9.24032925e-10 -9.03436171e+01  1.52462085e-10  9.99941828e-01 -9.81681288e+01;
